86719
86722
86871
86877
86881
87007
87011
87057
87062
87065
87853
87886
87893
87997
88002
88118
88120
88123
88128
88133
88149
88187
88190
88249
88252
88255
88271
88275
88310
88311
88315
88352
88357
88382
88386
88387
88388
88675
88684
88688
88690
88725
88730
88810
88812
88826
88830
88832
88836
89111
89121
89143
89149
89152
89168
89178
89197
89202
89333
89336
89356
89359
89361
89513
89520
89575
89577
89579
86717
86721
86787
86805
86870
86875
86923
86929
87347
87390
87393
87396
87468
87479
87556
87566
87636
87642
87749
87805
87809
87862
87875
87888
87917
87937
88218
88225
88270
88276
88681
88699
88702
88703
88719
88723
88736
88738
88748
88749
86719
86722
86871
86877
86881
88779
88794
88802
89053
89057
89086
89103
89161
89163
89347
89352
89380
89391
89430
89433
89434
90634
90633
90652
90702
90710
90751
90752
90753
87429
87432
87444
87453
87457
88148
88172
88173
88256
88263
88268
88678
88706
88709
88734
88737
86788
86803
86810
86886
86898
86902
87023
87028
87264
87265
87458
87462
88680
89348
89353
89381
89393
89494
89501
89505
86774
86779
86783
86862
86866
86869
87338
87375
87379
87844
87846
87906
87907
87912
88144
88154
88159
88165
88340
88343
88348
88676
88691
88693
89099
89133
89151
89153
89188
89191
89268
89277
89279
89364
89365
89448
89450
90635
90644
90651
90691
90696
88712
88714
88726
88729
88733
88755
88756
86726
86732
86941
86944
88150
88193
88195
88199
88272
88280
88307
88308
88677
88707
88710
89110
89136
89154
86880
86884
86890
87919
87925
87940
88009
88012
88016
88109
88111
88145
88201
88205
88260
88266
88880
88885
88893
88902
88906
88914
88919
88925
89072
89084
89160
89162
89173
89176
89335
89338
89402
89414
89423
90637
90645
90655
90660
90661
90674
90684
87760
87764
87768
88152
88202
88206
88674
88682
88683
88882
88886
88890
89281
89332
89337
89344
89349
89354
89355
89382
89394
89469
89476
90640
90647
86819
86830
87326
87531
87540
87780
87785
87901
87902
88075
88076
88234
88239
88240
88297
88298
88477
88482
88488
88495
88499
88508
88509
88687
88689
89066
89068
89088
89102
89140
89145
89187
89189
89269
89306
89310
89314
89317
89444
89445
89543
89549
89553
89665
89669
89671
89673
90639
90649
90654
90673
90679
86815
86824
87356
87695
87700
87763
87769
88248
88250
88253
89283
89290
89295
89346
89351
89375
89379
89555
89561
89812
89813
90638
90643
90663
90666
90671
88711
88713
90296
90298
90310
90312
90315
90339
90341
90344
90372
90379
90422
90425
90445
90456
90463
87437
87438
87441
88188
88191
88679
88700
88701
88704
89098
89123
89358
89360
89362
87744
87752
87758
87796
87800
87803
87878
87891
88147
88192
88194
88198
88411
88414
88417
88419
88540
88543
88576
88589
88595
88720
88722
87858
87879
87981
88073
88074
88082
88084
88087
88210
88215
88894
88901
89286
89291
89296
89458
89464
90642
90704
90713
90720
86861
86865
86868
87672
87676
87750
87755
88153
88157
89287
86777
86778
86782
89144
86953
86955
86966
86968
87043
87047
87050
87083
87092
87126
87243
89613
89619
89621
89662
89663
89724
89727
89734
90650
90662
90664
90665
90690
90694
87622
87626
87665
87666
87732
87735
88155
88161
88164
88309
88312
88313
88554
88560
88572
88635
88638
88643
88645
88646
88916
88920
88924
88973
88979
88981
89046
89049
89089
89096
89624
89629
89631
89683
89685
89691
89740
89742
89783
89790
89807
89808
89811
90032
90034
90037
90080
90082
90084
90085
90216
90217
90218
90228
90230
90231
90377
90381
90479
90485
90541
90542
90749
90750
87978
88003
88077
88079
88285
88291
88296
88431
88432
88473
88480
88486
88514
88517
88519
89212
89213
89214
89386
89399
89408
89421
89424
89472
89481
89829
89842
89862
89912
89921
89934
89941
89946
89999
90001
90035
90036
90142
90146
90184
90187
90189
90190
90206
90209
90212
90213
90641
90653
90743
90745
90747
87839
87841
87842
87894
87897
88163
88167
86767
86775
86850
86856
86867
87060
87581
87586
87648
87649
87723
87727
87730
87813
87828
87856
87915
88168
88171
88257
88264
88303
88304
88306
88331
88334
88409
88410
88436
88438
88449
88555
88563
88632
88636
88637
88657
88662
88664
88891
88900
89007
89015
89021
89625
89628
89630
89672
89677
89744
89746
89938
90053
90056
90061
90063
90064
90132
90135
90183
90186
90188
90192
90200
87286
87377
87382
87388
87477
87685
87691
87811
87821
87825
87995
88006
88106
88107
88108
88126
88131
88408
88491
88494
88500
89983
89995
89998
90058
90059
86977
86988
86996
86999
87048
87052
87277
87472
87481
87582
87587
87589
87662
87668
87712
87717
87725
87833
87837
87861
87870
87883
87985
88059
88066
88069
88217
88222
88328
88333
88367
88372
88379
88381
88440
88450
88452
88464
88466
88470
88474
88556
88566
88621
88627
88630
88634
88640
88642
88834
88838
88841
88851
88852
88853
88858
88867
88870
88883
88887
88995
88998
89013
89018
89028
89071
89085
89155
89156
89157
89232
89235
89293
89297
89384
89395
89412
89420
89429
89471
89480
89674
89688
89772
89776
89781
90607
90614
90618
86724
86727
87694
87698
87726
87728
87734
88065
88070
88072
88081
88083
88521
88525
88527
88529
88530
88531
90297
90299
90306
90308
90311
90314
90347
90350
90353
87804
87807
87986
87998
89324
89331
89339
90015
90017
90018
90429
90440
90459
90464
90471
88454
88456
88479
88483
88496
88498
90646
90656
90659
86771
86780
86784
86857
86864
87097
87102
87137
87139
87374
87389
87440
87729
87738
87941
88007
88010
88014
88325
88335
88368
88371
89074
89122
89135
87461
87465
87551
87562
87570
87645
87651
87652
87852
87855
88125
88129
88857
88863
89009
89011
89019
89107
89116
89282
89289
89292
89650
89652
89655
89657
89658
89835
89846
89872
90120
90125
90131
90356
90360
90532
90535
86907
87093
87152
87167
87178
87183
87443
87447
87549
87553
87565
87632
87638
87677
87688
87692
87722
87751
87801
87814
87823
87831
88433
88434
88465
88467
88468
88469
88471
88476
88516
88520
88790
88799
88807
88825
88828
88833
88837
89076
89092
89100
89108
89126
89137
82121
82123
82143
82145
82558
82561
82664
82667
82794
82795
83169
83181
83265
83270
83274
83290
83296
83303
84293
84296
84352
84360
84364
84949
84954
84982
84986
85032
85034
85039
85684
85691
85730
85741
85748
85758
85760
82573
82575
82576
83172
83263
83267
83275
84291
84298
84354
84365
84385
84390
84527
84528
84568
84569
84570
84678
84679
85194
85204
85206
85280
85283
85375
85377
85421
85422
85423
85424
85427
85836
85840
85965
85971
85975
86042
86046
86286
86289
86389
86396
86408
86413
86463
86467
86470
86475
86486
86493
86498
86554
86556
86557
86558
86626
86631
86640
86646
86698
82117
82119
82120
82562
82653
82661
82665
82725
82738
82739
82790
82812
82815
83168
83262
83269
83552
83554
83642
83649
83654
83711
83713
83759
83763
83765
83858
83859
83860
87885
85349
85683
85692
85727
85749
86419
86426
86481
86488
86523
86528
86535
86543
86592
86603
86613
86709
83565
83570
83573
83613
83615
83705
83707
83709
83757
83758
83864
83868
83872
83927
83934
83943
84292
84359
84367
84722
84735
84747
84818
84821
84826
84880
84885
84891
85694
85739
85747
86243
86248
86253
86332
86336
86392
86397
86403
82215
82221
82226
82278
82288
82309
82300
82306
82314
82395
82398
82412
82417
82655
82659
82726
82732
82735
82782
82784
82787
82791
82792
82880
82882
82963
82965
82966
83025
83034
83043
83579
83585
83714
83716
83742
83746
83752
83836
83840
84271
84289
84444
84448
84451
84460
84463
85025
85028
85094
85096
85139
85150
85156
85536
85538
85541
85588
85600
85610
85613
85677
85679
85682
85878
85931
85942
86020
86027
86401
86406
86410
86414
86545
86549
86699
82531
82534
82706
82710
82773
82777
82778
83174
83273
83561
83562
83621
83631
83634
83710
83712
83735
83738
84297
84358
84755
84756
84843
84844
84905
84906
85202
85248
85250
85284
85286
85324
85328
85826
85831
85839
85887
85891
85893
85909
85910
85992
85993
85994
86047
86057
86259
86267
86348
86349
82627
82636
82691
82695
82756
82757
82825
82826
82827
82851
82852
82881
82883
83563
83566
83572
83632
83637
83841
83842
83844
83878
83884
84750
84751
84832
84836
84839
85201
85275
85276
85278
85285
85287
85291
85331
85333
85339
85381
85382
85384
85874
85879
85883
85938
85947
85956
86036
86041
86235
86240
86244
86341
86343
86346
86469
86476
86479
86715
82567
82569
82744
82745
82747
83167
83608
83612
83614
83736
83739
83789
83790
83791
83848
83849
84519
84523
84526
84563
84565
84566
84630
84639
85197
85208
85213
85726
85742
85820
85823
85951
85955
86032
86037
86043
86251
86255
86705
82566
82570
82571
83558
83560
83616
83620
83715
83717
83718
83797
83798
84353
84517
84518
84557
84559
84561
85199
85244
85246
85274
85277
85279
85814
85817
85819
86250
86256
86399
86404
86706
82748
82750
82886
82888
82918
82919
83046
83048
83053
83553
83555
83556
83792
83794
84304
84309
84396
84401
84476
84481
84483
85200
85827
85830
85832
86429
86430
86495
86499
86713
83557
83559
84316
84318
84410
84417
85198
85245
85247
85897
85899
85908
85978
85984
86503
86506
86710
84288
84294
84356
84357
84362
84452
84455
85195
85203
85205
85281
85282
85822
85824
86071
86092
86126
86129
86151
86152
86162
86164
86237
86241
86245
82874
82878
82879
82912
82915
83700
83702
84275
84279
84282
84373
84384
85593
85598
85612
85619
85620
85666
85669
85686
85693
86344
86347
86407
86409
81998
82003
82037
82040
82141
82187
82189
82194
82204
82208
82298
82311
82406
82420
82421
82438
82439
82559
82563
82565
82873
82877
82955
82959
82961
83082
83099
83121
83131
83136
